1.000000 0.000000 0.000000 0.000000 0.000000 1.000000 0.000000 0.000000 0.000000 0.000000 1.000000 0.000000 
0.999990 -0.002730 -0.003480 -0.004386 0.002724 0.999994 -0.001991 -0.008194 0.003485 0.001982 0.999992 0.664215 
0.999964 -0.001703 -0.008342 -0.005764 0.001673 0.999992 -0.003505 -0.010657 0.008348 0.003491 0.999959 1.380922 
0.999932 -0.001831 -0.011508 -0.024565 0.001773 0.999986 -0.005038 -0.011356 0.011517 0.005017 0.999921 2.090454 
0.999867 -0.000408 -0.016290 -0.041543 0.000316 0.999984 -0.005633 -0.018419 0.016292 0.005627 0.999851 2.812492 
0.999786 -0.001590 -0.020641 -0.060230 0.001467 0.999981 -0.005965 -0.024759 0.020650 0.005933 0.999769 3.557792 
0.999686 -0.000156 -0.025076 -0.086390 -0.000023 0.999975 -0.007137 -0.031957 0.025076 0.007136 0.999660 4.301941 
0.999549 0.002371 -0.029928 -0.117455 -0.002604 0.999967 -0.007746 -0.041165 0.029909 0.007821 0.999522 5.071851 
0.999413 0.002584 -0.034154 -0.152000 -0.002800 0.999976 -0.006266 -0.045418 0.034137 0.006358 0.999397 5.858277 
0.999231 0.001526 -0.039190 -0.175440 -0.001652 0.999994 -0.003177 -0.061551 0.039185 0.003240 0.999227 6.665424 
0.999103 0.001897 -0.042309 -0.218529 -0.001932 0.999998 -0.000775 -0.069194 0.042307 0.000856 0.999104 7.464572 
0.998981 0.003666 -0.044985 -0.265800 -0.003745 0.999992 -0.001662 -0.075520 0.044978 0.001829 0.998986 8.282382 
0.998892 0.002673 -0.046975 -0.308731 -0.002763 0.999994 -0.001855 -0.080682 0.046970 0.001983 0.998894 9.109789 
0.998812 -0.000130 -0.048725 -0.351881 0.000013 0.999997 -0.002401 -0.089871 0.048725 0.002397 0.998809 9.941776 
0.998718 -0.000058 -0.050622 -0.402244 -0.000021 0.999999 -0.001559 -0.102656 0.050622 0.001558 0.998717 10.784543 
0.998628 -0.001145 -0.052345 -0.447030 0.001067 0.999998 -0.001511 -0.118039 0.052346 0.001453 0.998628 11.642368 
0.998541 0.001088 -0.053992 -0.502391 -0.001302 0.999991 -0.003927 -0.127002 0.053988 0.003992 0.998534 12.490047 
0.998461 0.001214 -0.055453 -0.555008 -0.001574 0.999978 -0.006448 -0.138472 0.055444 0.006525 0.998440 13.356393 
0.998340 0.004886 -0.057381 -0.611530 -0.005378 0.999950 -0.008423 -0.139708 0.057337 0.008718 0.998317 14.232913 
0.998295 0.005876 -0.058080 -0.673945 -0.006325 0.999952 -0.007539 -0.159791 0.058033 0.007894 0.998283 15.115460 
0.998223 0.004801 -0.059387 -0.730333 -0.005170 0.999968 -0.006052 -0.171731 0.059356 0.006349 0.998217 15.998104 
0.998142 0.005508 -0.060682 -0.793313 -0.005820 0.999971 -0.004958 -0.180573 0.060653 0.005302 0.998145 16.897355 
0.998071 0.004836 -0.061899 -0.845925 -0.005148 0.999975 -0.004892 -0.193800 0.061874 0.005201 0.998070 17.794677 
0.997968 0.004191 -0.063578 -0.910690 -0.004568 0.999973 -0.005790 -0.202784 0.063552 0.006068 0.997960 18.711648 
0.997876 0.002539 -0.065098 -0.962042 -0.002930 0.999978 -0.005918 -0.225811 0.065081 0.006096 0.997861 19.618342 
0.997840 0.002461 -0.065650 -1.030390 -0.002742 0.999987 -0.004185 -0.236870 0.065639 0.004356 0.997834 20.546406 
0.997840 0.003346 -0.065612 -1.099298 -0.003407 0.999994 -0.000808 -0.246379 0.065609 0.001030 0.997845 21.477463 
0.997916 0.004926 -0.064339 -1.177145 -0.004770 0.999985 0.002584 -0.247113 0.064351 -0.002271 0.997925 22.422361 
0.997999 0.003883 -0.063116 -1.229750 -0.003539 0.999978 0.005547 -0.259013 0.063136 -0.005312 0.997991 23.353577 
0.998097 0.003758 -0.061542 -1.293649 -0.003360 0.999973 0.006575 -0.267429 0.061565 -0.006355 0.998083 24.285640 
0.998189 0.003431 -0.060057 -1.360309 -0.003207 0.999988 0.003827 -0.272203 0.060070 -0.003628 0.998188 25.226923 
0.998252 0.004032 -0.058965 -1.427047 -0.004114 0.999991 -0.001272 -0.274017 0.058959 0.001513 0.998259 26.166751 
0.998319 0.003534 -0.057856 -1.482814 -0.003789 0.999984 -0.004296 -0.280552 0.057840 0.004508 0.998316 27.116237 
0.998380 0.000983 -0.056881 -1.546630 -0.001159 0.999995 -0.003053 -0.295735 0.056878 0.003114 0.998376 28.081160 
0.998350 -0.000549 -0.057418 -1.600802 0.000670 0.999998 0.002083 -0.309768 0.057417 -0.002118 0.998348 29.054172 
0.998289 -0.005442 -0.058211 -1.652522 0.005764 0.999969 0.005376 -0.311851 0.058180 -0.005703 0.998290 30.023609 
0.998139 -0.012804 -0.059622 -1.696701 0.013110 0.999903 0.004752 -0.319873 0.059556 -0.005525 0.998210 31.002250 
0.998012 -0.015324 -0.061128 -1.752447 0.015393 0.999881 0.000664 -0.323779 0.061111 -0.001603 0.998130 31.986892 
0.997936 -0.015374 -0.062354 -1.817916 0.015209 0.999879 -0.003125 -0.335947 0.062394 0.002170 0.998049 32.962443 
0.997805 -0.014397 -0.064635 -1.884453 0.014192 0.999893 -0.003624 -0.345341 0.064680 0.002699 0.997902 33.953457 
0.997773 -0.014304 -0.065154 -1.951899 0.014171 0.999896 -0.002512 -0.348217 0.065183 0.001583 0.997872 34.945716 
0.997727 -0.011393 -0.066409 -2.024793 0.011421 0.999935 0.000037 -0.352835 0.066404 -0.000795 0.997792 35.940289 
0.997654 -0.012002 -0.067402 -2.097179 0.012141 0.999925 0.001652 -0.367149 0.067377 -0.002466 0.997725 36.942024 
0.997614 -0.010484 -0.068243 -2.179346 0.010807 0.999932 0.004368 -0.376137 0.068192 -0.005095 0.997659 37.955635 
0.997600 -0.010937 -0.068367 -2.239537 0.011478 0.999906 0.007531 -0.384248 0.068278 -0.008298 0.997632 38.966691 
0.997620 -0.005432 -0.068732 -2.331571 0.006124 0.999933 0.009848 -0.387906 0.068674 -0.010246 0.997587 39.981706 
0.997564 -0.005471 -0.069540 -2.386186 0.006114 0.999941 0.009030 -0.387643 0.069486 -0.009433 0.997538 40.992264 
0.997570 -0.005533 -0.069451 -2.454287 0.006047 0.999956 0.007190 -0.386600 0.069408 -0.007592 0.997559 41.973908 
0.997586 -0.003177 -0.069373 -2.531889 0.003543 0.999980 0.005158 -0.395338 0.069355 -0.005391 0.997577 42.960483 
0.997545 -0.003150 -0.069963 -2.611638 0.003520 0.999980 0.005167 -0.405705 0.069945 -0.005401 0.997536 43.946964 
0.997449 -0.004025 -0.071271 -2.685811 0.004513 0.999967 0.006694 -0.418395 0.071242 -0.006999 0.997434 44.945008 
0.997393 -0.004283 -0.072040 -2.764021 0.004839 0.999960 0.007544 -0.418160 0.072005 -0.007873 0.997373 45.940135 
0.997392 -0.002132 -0.072144 -2.850257 0.002412 0.999990 0.003799 -0.424097 0.072135 -0.003963 0.997387 46.926012 
0.997347 -0.001653 -0.072776 -2.930720 0.001635 0.999999 -0.000308 -0.433904 0.072777 0.000188 0.997348 47.896900 
0.997312 -0.000655 -0.073267 -3.010178 0.000553 0.999999 -0.001409 -0.448394 0.073268 0.001365 0.997311 48.866421 
0.997283 -0.002093 -0.073629 -3.076302 0.002256 0.999995 0.002127 -0.462721 0.073624 -0.002287 0.997283 49.836900 
0.997273 -0.004283 -0.073676 -3.152777 0.004713 0.999973 0.005658 -0.478942 0.073649 -0.005989 0.997266 50.812665 
0.997241 -0.005393 -0.074030 -3.225050 0.005871 0.999963 0.006240 -0.485270 0.073993 -0.006657 0.997237 51.770468 
0.997174 -0.008784 -0.074606 -3.289427 0.009166 0.999947 0.004771 -0.486935 0.074560 -0.005442 0.997202 52.739450 
0.997087 -0.011694 -0.075375 -3.352576 0.011981 0.999923 0.003346 -0.494018 0.075330 -0.004240 0.997150 53.688701 
0.996985 -0.013071 -0.076484 -3.429095 0.013457 0.999899 0.004525 -0.501883 0.076417 -0.005540 0.997061 54.648538 
0.996871 -0.016173 -0.077371 -3.508256 0.016884 0.999821 0.008555 -0.506881 0.077219 -0.009835 0.996966 55.602913 
0.996822 -0.017005 -0.077830 -3.590849 0.018074 0.999751 0.013051 -0.502900 0.077589 -0.014416 0.996881 56.552153 
0.996777 -0.015586 -0.078693 -3.663737 0.016828 0.999744 0.015147 -0.500608 0.078437 -0.016423 0.996784 57.505101 
0.996706 -0.014521 -0.079794 -3.754179 0.015466 0.999817 0.011236 -0.504705 0.079616 -0.012433 0.996748 58.441068 
0.996593 -0.013299 -0.081403 -3.831854 0.013631 0.999901 0.003529 -0.508292 0.081348 -0.004627 0.996675 59.369151 
0.996527 -0.012182 -0.082369 -3.910279 0.012139 0.999926 -0.001023 -0.518011 0.082375 0.000019 0.996601 60.280332 
0.996487 -0.006526 -0.083492 -3.993064 0.006552 0.999979 0.000035 -0.534135 0.083490 -0.000582 0.996508 61.193179 
0.996373 -0.004342 -0.084983 -4.070415 0.004583 0.999986 0.002644 -0.559276 0.084970 -0.003023 0.996379 62.095434 
0.996300 -0.001392 -0.085937 -4.148009 0.001766 0.999989 0.004278 -0.572770 0.085930 -0.004414 0.996291 62.976016 
0.996234 -0.000741 -0.086706 -4.238398 0.001062 0.999993 0.003658 -0.575360 0.086703 -0.003736 0.996227 63.848408 
0.996107 0.001736 -0.088136 -4.318920 -0.001352 0.999989 0.004411 -0.592161 0.088143 -0.004275 0.996099 64.692844 
0.996004 0.001811 -0.089295 -4.409806 -0.001397 0.999988 0.004704 -0.596175 0.089303 -0.004560 0.995994 65.544134 
0.995904 0.002347 -0.090387 -4.499201 -0.001907 0.999986 0.004956 -0.604394 0.090397 -0.004764 0.995894 66.381301 
0.995797 0.002263 -0.091563 -4.578964 -0.001693 0.999979 0.006295 -0.620044 0.091575 -0.006113 0.995779 67.201155 
0.995654 0.004769 -0.093011 -4.653973 -0.003970 0.999954 0.008774 -0.618027 0.093049 -0.008366 0.995626 67.996238 
0.995533 0.006097 -0.094218 -4.737375 -0.004894 0.999904 0.012990 -0.629461 0.094288 -0.012471 0.995467 68.787815 
0.995350 0.009599 -0.095841 -4.819984 -0.008259 0.999863 0.014367 -0.633214 0.095966 -0.013509 0.995293 69.558413 
0.995205 0.012179 -0.097049 -4.901108 -0.011224 0.999883 0.010381 -0.641902 0.097164 -0.009242 0.995226 70.306857 
0.995102 0.012163 -0.098099 -4.980250 -0.011904 0.999924 0.003226 -0.654040 0.098131 -0.002043 0.995171 71.025830 
0.994963 0.011511 -0.099583 -5.046802 -0.011838 0.999926 -0.002697 -0.662425 0.099544 0.003863 0.995026 71.725961 
0.994894 0.012518 -0.100147 -5.112000 -0.012962 0.999909 -0.003782 -0.673097 0.100091 0.005060 0.994965 72.422283 
0.994761 0.014997 -0.101127 -5.185595 -0.015123 0.999886 -0.000477 -0.679426 0.101108 0.002003 0.994873 73.107394 
0.994610 0.014995 -0.102594 -5.258115 -0.014865 0.999887 0.002028 -0.699128 0.102613 -0.000492 0.994721 73.769924 
0.994582 0.011874 -0.103274 -5.325478 -0.012069 0.999926 -0.001258 -0.710677 0.103251 0.002498 0.994652 74.394720 
0.994662 0.003910 -0.103111 -5.380834 -0.004596 0.999969 -0.006415 -0.723323 0.103082 0.006855 0.994649 75.001821 
0.994769 -0.000301 -0.102148 -5.431868 -0.000834 0.999938 -0.011068 -0.737673 0.102145 0.011095 0.994708 75.589084 
0.995035 0.002299 -0.099496 -5.475778 -0.003435 0.999931 -0.011250 -0.750999 0.099463 0.011536 0.994974 76.168978 
0.995419 0.007174 -0.095338 -5.535734 -0.008009 0.999933 -0.008384 -0.763118 0.095271 0.009109 0.995410 76.731256 
0.995870 0.005594 -0.090620 -5.584443 -0.006098 0.999967 -0.005286 -0.779773 0.090587 0.005817 0.995872 77.287002 
0.996388 0.002062 -0.084890 -5.620590 -0.002157 0.999997 -0.001024 -0.791868 0.084887 0.001203 0.996390 77.832571 
0.997068 -0.002455 -0.076479 -5.654594 0.002665 0.999993 0.002642 -0.807793 0.076472 -0.002838 0.997068 78.363142 
0.997832 0.000929 -0.065807 -5.689698 -0.000767 0.999997 0.002481 -0.813812 0.065809 -0.002425 0.997829 78.884749 
0.998701 0.005997 -0.050594 -5.721471 -0.005899 0.999980 0.002087 -0.822711 0.050606 -0.001786 0.998717 79.391717 
0.999405 0.011389 -0.032564 -5.735303 -0.011316 0.999933 0.002435 -0.825542 0.032589 -0.002065 0.999467 79.883323 
0.999899 0.009825 -0.010300 -5.730596 -0.009796 0.999948 0.002911 -0.830249 0.010328 -0.002810 0.999943 80.370287 
0.999858 0.005870 0.015813 -5.696251 -0.005936 0.999974 0.004139 -0.839752 -0.015788 -0.004232 0.999866 80.837334 
0.998943 0.004923 0.045700 -5.660272 -0.005200 0.999969 0.005940 -0.848508 -0.045669 -0.006171 0.998938 81.305682 
0.996853 0.005278 0.079091 -5.611923 -0.005852 0.999958 0.007022 -0.849745 -0.079050 -0.007463 0.996843 81.765240 
0.993152 0.005710 0.116690 -5.541499 -0.006629 0.999950 0.007487 -0.855463 -0.116642 -0.008210 0.993140 82.220396 
0.987382 0.005356 0.158265 -5.447753 -0.006740 0.999944 0.008208 -0.872643 -0.158212 -0.009171 0.987363 82.646942 
0.979227 0.004750 0.202711 -5.325331 -0.006609 0.999942 0.008493 -0.878795 -0.202659 -0.009656 0.979202 83.069243 
0.967978 0.005821 0.250967 -5.187830 -0.007890 0.999943 0.007238 -0.893704 -0.250910 -0.008986 0.967969 83.473628 
0.952682 0.006911 0.303890 -5.030757 -0.008814 0.999949 0.004888 -0.900950 -0.303841 -0.007336 0.952695 83.857971 
0.932918 0.006734 0.360025 -4.855478 -0.008520 0.999958 0.003375 -0.906225 -0.359987 -0.006216 0.932936 84.233256 
0.908746 0.007480 0.417283 -4.658753 -0.008956 0.999959 0.001579 -0.906987 -0.417254 -0.005172 0.908775 84.581910 
0.879812 0.007964 0.475254 -4.435836 -0.008994 0.999960 -0.000107 -0.907446 -0.475236 -0.004181 0.879848 84.911038 
0.846295 0.006964 0.532669 -4.192023 -0.006674 0.999975 -0.002470 -0.906027 -0.532672 -0.001465 0.846320 85.220986 
0.809134 0.007084 0.587581 -3.935768 -0.006406 0.999974 -0.003235 -0.913301 -0.587589 -0.001147 0.809159 85.512486 
0.769036 0.005354 0.639183 -3.663244 -0.005606 0.999983 -0.001631 -0.925736 -0.639181 -0.002329 0.769053 85.779995 
0.726204 0.004669 0.687464 -3.374494 -0.007515 0.999971 0.001148 -0.935781 -0.687439 -0.006000 0.726218 86.028343 
0.681866 0.003289 0.731470 -3.067769 -0.006672 0.999976 0.001723 -0.941498 -0.731447 -0.006055 0.681872 86.239326 
0.635824 0.001245 0.771833 -2.748494 -0.002784 0.999996 0.000681 -0.945669 -0.771829 -0.002582 0.635825 86.433816 
0.589343 -0.001495 0.807882 -2.415377 0.002635 0.999997 -0.000072 -0.950901 -0.807879 0.002171 0.589345 86.608874 
0.543108 0.000407 0.839663 -2.089406 0.000782 0.999999 -0.000990 -0.958347 -0.839663 0.001195 0.543107 86.764314 
0.495918 0.003047 0.868364 -1.758322 -0.002900 0.999994 -0.001853 -0.964294 -0.868364 -0.001599 0.495924 86.915056 
0.450705 0.004740 0.892660 -1.417336 -0.003702 0.999987 -0.003441 -0.974126 -0.892665 -0.001754 0.450717 87.047108 
0.408299 0.002308 0.912845 -1.070195 0.002929 0.999988 -0.003839 -0.977725 -0.912843 0.004241 0.408288 87.155351 
0.368374 -0.005294 0.929663 -0.706762 0.018136 0.999834 -0.001492 -0.977005 -0.929501 0.017410 0.368409 87.245611 
0.332637 -0.008789 0.943014 -0.343461 0.022088 0.999755 0.001527 -0.978953 -0.942796 0.020321 0.332749 87.338314 
0.299123 -0.004861 0.954202 0.023870 0.019290 0.999813 -0.000954 -0.983287 -0.954020 0.018692 0.299161 87.441470 
0.268102 0.002774 0.963387 0.392502 0.007610 0.999959 -0.004998 -0.996827 -0.963361 0.008671 0.268069 87.545799 
0.240254 0.007025 0.970685 0.765902 0.002654 0.999965 -0.007893 -1.012366 -0.970707 0.004472 0.240227 87.620602 
0.214612 0.008781 0.976660 1.145653 0.003786 0.999945 -0.009822 -1.020458 -0.976692 0.005805 0.214567 87.683541 
0.191435 0.009982 0.981454 1.551896 0.011210 0.999861 -0.012356 -1.028893 -0.981441 0.013367 0.191297 87.736193 
0.171662 0.015986 0.985026 1.962348 0.018058 0.999649 -0.019371 -1.027251 -0.984990 0.021113 0.171313 87.777132 
0.152272 0.022612 0.988080 2.386527 0.020567 0.999449 -0.026041 -1.023021 -0.988125 0.024287 0.151723 87.824994 
0.134736 0.023075 0.990613 2.820440 0.018155 0.999503 -0.025752 -1.037790 -0.990715 0.021454 0.134250 87.876219 
0.118842 0.018520 0.992740 3.277570 0.016359 0.999654 -0.020608 -1.057476 -0.992778 0.018689 0.118498 87.933496 
0.104552 0.015086 0.994405 3.755234 0.016461 0.999722 -0.016898 -1.075397 -0.994383 0.018135 0.104275 87.978827 
0.091482 0.012782 0.995725 4.231418 0.019086 0.999711 -0.014586 -1.084058 -0.995624 0.020339 0.091212 88.009330 
0.079815 0.011821 0.996740 4.722855 0.022963 0.999643 -0.013695 -1.094274 -0.996545 0.023981 0.079515 88.036647 
0.069936 0.012417 0.997474 5.236162 0.026630 0.999543 -0.014310 -1.103150 -0.997196 0.027563 0.069573 88.059110 
0.062183 0.013087 0.997979 5.765919 0.028525 0.999482 -0.014884 -1.111340 -0.997657 0.029393 0.061777 88.083102 
0.056636 0.013442 0.998304 6.319805 0.030246 0.999427 -0.015173 -1.120570 -0.997937 0.031054 0.056197 88.109372 
0.051056 0.014413 0.998592 6.892083 0.031547 0.999374 -0.016037 -1.133187 -0.998197 0.032322 0.050570 88.135415 
0.044941 0.014893 0.998879 7.475135 0.031995 0.999354 -0.016339 -1.146505 -0.998477 0.032694 0.044436 88.159042 
0.040465 0.014809 0.999071 8.078170 0.034179 0.999284 -0.016196 -1.160532 -0.998596 0.034802 0.039930 88.178657 
0.037613 0.014530 0.999187 8.698768 0.036028 0.999224 -0.015887 -1.176465 -0.998643 0.036596 0.037060 88.196407 
0.034726 0.014226 0.999296 9.343815 0.037366 0.999181 -0.015523 -1.184492 -0.998698 0.037878 0.034166 88.214883 
0.032396 0.013516 0.999384 9.996559 0.040137 0.999084 -0.014813 -1.195215 -0.998669 0.040592 0.031824 88.232439 
0.031835 0.012931 0.999409 10.671236 0.044996 0.998884 -0.014358 -1.212553 -0.998480 0.045426 0.031217 88.244190 
0.033176 0.012490 0.999371 11.359814 0.049306 0.998684 -0.014118 -1.225345 -0.998233 0.049744 0.032516 88.254413 
0.035602 0.012411 0.999289 12.069347 0.051281 0.998583 -0.014229 -1.236921 -0.998049 0.051752 0.034915 88.277290 
0.039180 0.012359 0.999156 12.792172 0.053216 0.998479 -0.014438 -1.249539 -0.997814 0.053736 0.038463 88.310890 
0.043709 0.011747 0.998975 13.521951 0.053647 0.998461 -0.014088 -1.267022 -0.997603 0.054208 0.043011 88.339885 
0.047958 0.009872 0.998801 14.281101 0.054897 0.998414 -0.012504 -1.288022 -0.997340 0.055431 0.047340 88.365606 
0.051871 0.008201 0.998620 15.052434 0.055420 0.998402 -0.011078 -1.298531 -0.997115 0.055918 0.051334 88.411581 
0.055789 0.006480 0.998422 15.840740 0.052159 0.998595 -0.009396 -1.306197 -0.997079 0.052601 0.055373 88.471817 
0.059703 0.005308 0.998202 16.634090 0.051637 0.998631 -0.008399 -1.324556 -0.996880 0.052045 0.059347 88.527763 
0.063780 0.006271 0.997944 17.436675 0.049098 0.998750 -0.009414 -1.336467 -0.996755 0.049598 0.063393 88.587726 
0.066667 0.010043 0.997725 18.241423 0.047285 0.998794 -0.013214 -1.356800 -0.996654 0.048058 0.066111 88.654667 
0.068429 0.015229 0.997540 19.053896 0.041510 0.998974 -0.018098 -1.376375 -0.996792 0.042646 0.067726 88.708662 
0.068014 0.018288 0.997517 19.870896 0.038160 0.999053 -0.020918 -1.399013 -0.996954 0.039488 0.067252 88.775196 
0.068227 0.017768 0.997512 20.680078 0.035820 0.999153 -0.020247 -1.424038 -0.997027 0.037112 0.067533 88.834608 
0.068350 0.016350 0.997527 21.507548 0.032868 0.999286 -0.018631 -1.444074 -0.997120 0.034061 0.067764 88.891970 
0.067973 0.014996 0.997574 22.326551 0.033175 0.999300 -0.017282 -1.472310 -0.997135 0.034269 0.067428 88.953593 
0.068370 0.014445 0.997555 23.154043 0.030696 0.999391 -0.016576 -1.494442 -0.997188 0.031754 0.067885 89.019019 
0.068592 0.014624 0.997538 23.973028 0.029384 0.999429 -0.016672 -1.520961 -0.997212 0.030455 0.068124 89.081427 
0.068971 0.015135 0.997504 24.792898 0.026640 0.999500 -0.017008 -1.544512 -0.997263 0.027746 0.068534 89.136807 
0.067608 0.016452 0.997576 25.613022 0.023458 0.999561 -0.018075 -1.568860 -0.997436 0.024624 0.067192 89.202130 
0.065171 0.015983 0.997746 26.420113 0.019974 0.999650 -0.017318 -1.589745 -0.997674 0.021058 0.064829 89.251966 
0.061472 0.014730 0.998000 27.224449 0.018314 0.999706 -0.015884 -1.614883 -0.997941 0.019254 0.061185 89.304493 
0.056497 0.012122 0.998329 28.041234 0.017279 0.999765 -0.013117 -1.634287 -0.998253 0.017992 0.056274 89.366630 
0.050423 0.009998 0.998678 28.854753 0.015328 0.999824 -0.010783 -1.651649 -0.998610 0.015851 0.050261 89.408503 
0.043171 0.009409 0.999023 29.657109 0.014094 0.999850 -0.010026 -1.685877 -0.998968 0.014513 0.043032 89.442106 
0.034356 0.010192 0.999358 30.465858 0.014267 0.999841 -0.010687 -1.707843 -0.999308 0.014625 0.034205 89.473048 
0.024087 0.011320 0.999646 31.269368 0.016017 0.999803 -0.011708 -1.712715 -0.999582 0.016293 0.023901 89.503690 
0.013799 0.010825 0.999846 32.069418 0.017792 0.999780 -0.011070 -1.725708 -0.999746 0.017942 0.013604 89.513787 
0.002908 0.009885 0.999947 32.869887 0.017686 0.999794 -0.009935 -1.743997 -0.999839 0.017714 0.002733 89.521290 
-0.008581 0.009390 0.999919 33.670291 0.019629 0.999765 -0.009220 -1.759089 -0.999771 0.019549 -0.008763 89.520443 
-0.019327 0.009275 0.999770 34.457453 0.018675 0.999786 -0.008914 -1.785329 -0.999639 0.018498 -0.019496 89.494368 
-0.030491 0.009673 0.999488 35.227505 0.018234 0.999792 -0.009120 -1.804997 -0.999369 0.017947 -0.030661 89.475801 
-0.040546 0.011078 0.999116 36.009910 0.018371 0.999778 -0.010339 -1.816088 -0.999009 0.017935 -0.040740 89.433898 
-0.050384 0.012500 0.998652 36.772226 0.019313 0.999747 -0.011539 -1.822019 -0.998543 0.018706 -0.050613 89.385870 
-0.059767 0.013449 0.998122 37.534048 0.020232 0.999720 -0.012259 -1.836408 -0.998007 0.019461 -0.060022 89.338437 
-0.069351 0.012845 0.997510 38.275456 0.021991 0.999694 -0.011345 -1.877523 -0.997350 0.021150 -0.069612 89.287072 
-0.078608 0.013409 0.996815 39.025822 0.022655 0.999675 -0.011660 -1.889503 -0.996648 0.021666 -0.078886 89.229204 
-0.087014 0.013034 0.996122 39.763609 0.024344 0.999644 -0.010954 -1.907783 -0.995910 0.023296 -0.087301 89.159417 
-0.093877 0.011811 0.995514 40.483550 0.026932 0.999594 -0.009320 -1.928156 -0.995219 0.025937 -0.094157 89.078829 
-0.099226 0.010109 0.995014 41.205307 0.029488 0.999539 -0.007214 -1.947831 -0.994628 0.028625 -0.099478 89.004659 
-0.102951 0.008309 0.994652 41.908110 0.033392 0.999430 -0.004893 -1.966148 -0.994126 0.032709 -0.103169 88.925685 
-0.105876 0.007186 0.994353 42.608942 0.034439 0.999400 -0.003556 -1.981289 -0.993783 0.033868 -0.106060 88.854597 
-0.107426 0.006342 0.994193 43.289011 0.035164 0.999378 -0.002575 -1.991548 -0.993591 0.034683 -0.107582 88.780431 
-0.108127 0.006811 0.994114 43.965651 0.035998 0.999348 -0.002932 -2.005466 -0.993485 0.035469 -0.108302 88.708406 
-0.107621 0.008144 0.994159 44.619983 0.036748 0.999316 -0.004208 -2.011815 -0.993513 0.036081 -0.107847 88.647067 
-0.104693 0.009938 0.994455 45.279822 0.037683 0.999272 -0.006019 -2.024156 -0.993790 0.036844 -0.104992 88.585606 
-0.099547 0.010458 0.994978 45.909665 0.037678 0.999267 -0.006734 -2.040756 -0.994319 0.036818 -0.099868 88.527498 
-0.090908 0.011153 0.995797 46.505779 0.037040 0.999283 -0.007810 -2.055765 -0.995170 0.036174 -0.091256 88.458638 
-0.079692 0.011115 0.996758 47.072215 0.036264 0.999308 -0.008244 -2.070258 -0.996160 0.035490 -0.080040 88.416877 
-0.066080 0.011339 0.997750 47.623545 0.034755 0.999355 -0.009056 -2.087463 -0.997209 0.034079 -0.066432 88.390307 
-0.048670 0.013220 0.998727 48.178988 0.034661 0.999333 -0.011539 -2.094356 -0.998213 0.034055 -0.049096 88.376341 
-0.027620 0.015555 0.999497 48.707178 0.032880 0.999352 -0.014644 -2.114741 -0.999078 0.032459 -0.028114 88.378606 
-0.002878 0.018613 0.999823 49.239309 0.031178 0.999342 -0.018515 -2.130691 -0.999510 0.031120 -0.003456 88.392486 
0.025482 0.020230 0.999471 49.746439 0.030061 0.999328 -0.020993 -2.147274 -0.999223 0.030580 0.024857 88.423976 
0.058669 0.019469 0.998088 50.264971 0.028222 0.999378 -0.021153 -2.169000 -0.997879 0.029409 0.058083 88.474945 
0.096712 0.016929 0.995168 50.760674 0.027912 0.999416 -0.019714 -2.186383 -0.994921 0.029684 0.096183 88.547382 
0.138912 0.013245 0.990216 51.243365 0.026203 0.999511 -0.017046 -2.204137 -0.989958 0.028315 0.138497 88.639054 
0.184043 0.008542 0.982881 51.722225 0.024289 0.999617 -0.013235 -2.226093 -0.982618 0.026309 0.183765 88.760236 
0.232501 0.004999 0.972583 52.192440 0.020721 0.999734 -0.010092 -2.247138 -0.972375 0.022499 0.232336 88.906558 
0.283788 0.003208 0.958882 52.655012 0.017345 0.999814 -0.008479 -2.263183 -0.958730 0.019038 0.283679 89.084054 
0.338529 0.003138 0.940951 53.098701 0.017297 0.999805 -0.009557 -2.274455 -0.940797 0.019510 0.338408 89.277985 
0.396433 0.003023 0.918058 53.535343 0.019616 0.999738 -0.011762 -2.296030 -0.917854 0.022671 0.396270 89.498230 
0.456185 0.006773 0.889859 53.950979 0.019671 0.999650 -0.017693 -2.309431 -0.889667 0.025576 0.455893 89.747280 
0.514823 0.010385 0.857234 54.343379 0.021742 0.999447 -0.025165 -2.318540 -0.857021 0.031594 0.514312 90.028087 
0.572284 0.015582 0.819908 54.690837 0.015653 0.999430 -0.029919 -2.339070 -0.819906 0.029957 0.571714 90.321840 
0.628516 0.018772 0.777570 55.037733 0.013039 0.999314 -0.034665 -2.339157 -0.777688 0.031926 0.627840 90.642908 
0.680991 0.019467 0.732033 55.367333 0.011617 0.999234 -0.037380 -2.356193 -0.732200 0.033959 0.680243 90.994729 
0.729558 0.017516 0.683694 55.652653 0.011351 0.999224 -0.037712 -2.372992 -0.683824 0.035274 0.728794 91.349138 
0.772691 0.015158 0.634601 55.904367 0.007950 0.999405 -0.033551 -2.390997 -0.634733 0.030969 0.772111 91.758684 
0.814020 0.008024 0.580781 56.144690 0.008872 0.999616 -0.026246 -2.421548 -0.580768 0.026517 0.813637 92.153548 
0.850085 0.005060 0.526621 56.351491 0.006832 0.999764 -0.020635 -2.439388 -0.526601 0.021139 0.849849 92.580467 
0.880930 0.001833 0.473244 56.529056 0.005477 0.999886 -0.014070 -2.457462 -0.473216 0.014987 0.880819 93.013007 
0.906520 0.001275 0.422161 56.697546 0.002807 0.999955 -0.009048 -2.477868 -0.422154 0.009387 0.906476 93.461843 
0.926668 0.003278 0.375867 56.842934 -0.000741 0.999976 -0.006894 -2.490026 -0.375880 0.006110 0.926648 93.913694 
0.942191 0.009510 0.334942 56.979526 -0.008583 0.999954 -0.004249 -2.497991 -0.334967 0.001129 0.942229 94.377630 
0.953723 0.014201 0.300350 57.088453 -0.013082 0.999898 -0.005735 -2.498455 -0.300400 0.001540 0.953812 94.833130 
0.962730 0.017425 0.269901 57.201337 -0.016336 0.999847 -0.006279 -2.499141 -0.269969 0.001636 0.962867 95.322209 
0.968667 0.012233 0.248062 57.318361 -0.011061 0.999920 -0.006117 -2.508627 -0.248117 0.003182 0.968725 95.795057 
0.972449 0.008870 0.232946 57.426989 -0.007783 0.999954 -0.005588 -2.520200 -0.232985 0.003621 0.972474 96.278470 
0.975306 0.012554 0.220503 57.514882 -0.011476 0.999915 -0.006170 -2.531406 -0.220562 0.003487 0.975367 96.767221 
0.977347 0.017052 0.210954 57.606275 -0.016190 0.999852 -0.005813 -2.534243 -0.211022 0.002266 0.977479 97.268716 
0.978447 0.024478 0.205041 57.694187 -0.023524 0.999698 -0.007089 -2.541472 -0.205152 0.002113 0.978728 97.785823 
0.978864 0.030169 0.202274 57.785421 -0.028590 0.999534 -0.010719 -2.551324 -0.202503 0.004710 0.979270 98.315076 
0.979080 0.030442 0.201184 57.895282 -0.028319 0.999509 -0.013427 -2.562661 -0.201494 0.007449 0.979461 98.849957 
0.978609 0.029107 0.203660 58.010892 -0.026164 0.999511 -0.017129 -2.574046 -0.204059 0.011434 0.978892 99.384234 
0.977878 0.027596 0.207346 58.137759 -0.023233 0.999455 -0.023451 -2.583661 -0.207880 0.018115 0.977987 99.923736 
0.976907 0.027964 0.211827 58.254850 -0.022480 0.999348 -0.028254 -2.592370 -0.212479 0.022840 0.976899 100.498498 
0.975765 0.032283 0.216428 58.365109 -0.026879 0.999250 -0.027864 -2.609242 -0.217165 0.021371 0.975901 101.093575 
0.974361 0.035597 0.222156 58.489505 -0.031090 0.999234 -0.023752 -2.627819 -0.222832 0.016236 0.974722 101.688905 
0.973408 0.032928 0.226698 58.634842 -0.029306 0.999384 -0.019327 -2.640897 -0.227194 0.012169 0.973773 102.292252 
0.972664 0.028574 0.230450 58.789103 -0.026174 0.999567 -0.013463 -2.657177 -0.230735 0.007063 0.972991 102.904744 
0.971852 0.025393 0.234219 58.938008 -0.024023 0.999674 -0.008701 -2.674477 -0.234363 0.002830 0.972145 103.527200 
0.971243 0.021297 0.237136 59.100268 -0.019967 0.999769 -0.008012 -2.684630 -0.237252 0.003047 0.971443 104.155929 
0.971288 0.017826 0.237237 59.269020 -0.015655 0.999817 -0.011031 -2.698646 -0.237390 0.007000 0.971389 104.792517 
0.971367 0.017181 0.236960 59.428688 -0.013340 0.999753 -0.017802 -2.714670 -0.237207 0.014131 0.971356 105.427796 
0.971472 0.020009 0.236307 59.580097 -0.014713 0.999600 -0.024154 -2.732912 -0.236696 0.019988 0.971378 106.089900 
0.972007 0.023687 0.233756 59.734728 -0.017622 0.999452 -0.028004 -2.741128 -0.234291 0.023101 0.971892 106.766179 
0.972637 0.021692 0.231315 59.891475 -0.016627 0.999578 -0.023824 -2.756409 -0.231734 0.019326 0.972587 107.460531 
0.973126 0.017131 0.229637 60.064538 -0.013716 0.999770 -0.016459 -2.774707 -0.229866 0.012867 0.973137 108.173259 
0.973739 0.017200 0.227017 60.230611 -0.015206 0.999829 -0.010528 -2.797285 -0.227159 0.006799 0.973834 108.898300 
0.974031 0.020443 0.225491 60.385867 -0.018461 0.999770 -0.010894 -2.818054 -0.225662 0.006448 0.974184 109.634524 
0.974342 0.026071 0.223558 60.534732 -0.023217 0.999612 -0.015386 -2.832736 -0.223872 0.009801 0.974569 110.381645 
0.975240 0.026705 0.219532 60.699931 -0.022758 0.999531 -0.020490 -2.852854 -0.219976 0.014987 0.975390 111.126022 
0.976154 0.025598 0.215565 60.867206 -0.021019 0.999503 -0.023507 -2.865190 -0.216059 0.018415 0.976207 111.886092 
0.977024 0.023318 0.211848 61.027119 -0.019120 0.999578 -0.021846 -2.889129 -0.212268 0.017294 0.977058 112.655477 
0.977809 0.019463 0.208592 61.192589 -0.015769 0.999688 -0.019358 -2.918281 -0.208904 0.015639 0.977811 113.446291 
0.978216 0.018329 0.206780 61.358159 -0.015231 0.999747 -0.016563 -2.939982 -0.207031 0.013052 0.978247 114.245321 
0.978549 0.014620 0.205493 61.529651 -0.011860 0.999822 -0.014659 -2.950661 -0.205671 0.011908 0.978549 115.051681 
0.978690 0.009853 0.205104 61.698955 -0.007277 0.999885 -0.013310 -2.971383 -0.205212 0.011534 0.978650 115.843865 
0.978899 0.010376 0.204081 61.871442 -0.008122 0.999896 -0.011879 -2.990562 -0.204183 0.009971 0.978882 116.646268 
0.978858 0.014853 0.204001 62.041614 -0.012244 0.999826 -0.014044 -3.007377 -0.204175 0.011249 0.978870 117.451942 
0.978569 0.020095 0.204934 62.194490 -0.016897 0.999707 -0.017343 -3.027335 -0.205223 0.013509 0.978622 118.268672 
0.978163 0.029095 0.205791 62.359785 -0.025738 0.999489 -0.018974 -3.047695 -0.206238 0.013263 0.978412 119.098268 
0.977352 0.034825 0.208735 62.525676 -0.031704 0.999330 -0.018276 -3.066424 -0.209231 0.011245 0.977802 119.923807 
0.976589 0.037153 0.211881 62.693493 -0.034487 0.999273 -0.016266 -3.092172 -0.212332 0.008578 0.977160 120.770059 
0.975972 0.038063 0.214545 62.868025 -0.035349 0.999239 -0.016472 -3.124388 -0.215008 0.008492 0.976575 121.598708 
0.975652 0.036136 0.216326 63.051782 -0.032751 0.999279 -0.019213 -3.141901 -0.216864 0.011660 0.976132 122.445735 
0.975590 0.030115 0.217527 63.245085 -0.026848 0.999478 -0.017958 -3.163799 -0.217955 0.011679 0.975889 123.270621 
0.975726 0.023013 0.217784 63.435512 -0.019324 0.999632 -0.019051 -3.195905 -0.218142 0.014380 0.975811 124.108456 
0.975593 0.021848 0.218498 63.634039 -0.018088 0.999652 -0.019193 -3.221241 -0.218841 0.014772 0.975649 124.934681 
0.975254 0.023915 0.219790 63.828097 -0.020944 0.999655 -0.015836 -3.250001 -0.220093 0.010841 0.975419 125.776841 
0.974929 0.025798 0.221016 64.012862 -0.024091 0.999656 -0.010416 -3.265747 -0.221209 0.004830 0.975215 126.627299 
0.974629 0.029303 0.221901 64.190909 -0.028667 0.999570 -0.006086 -3.292333 -0.221984 -0.000430 0.975050 127.470129 
0.974398 0.028584 0.223003 64.380033 -0.026465 0.999572 -0.012485 -3.316719 -0.223265 0.006264 0.974738 128.300344 
0.974550 0.023970 0.222886 64.572729 -0.018429 0.999468 -0.026909 -3.340256 -0.223412 0.022117 0.974473 129.115634 
0.974726 0.021475 0.222370 64.766438 -0.013879 0.999267 -0.035665 -3.372098 -0.222973 0.031677 0.974310 129.930115 
0.975049 0.017805 0.221276 64.956922 -0.012204 0.999570 -0.026654 -3.400753 -0.221655 0.023288 0.974847 130.763930 
0.975430 0.011754 0.219997 65.146412 -0.010874 0.999927 -0.005209 -3.435179 -0.220043 0.002689 0.975487 131.606170 
0.975741 0.008274 0.218770 65.331571 -0.010778 0.999889 0.010255 -3.459566 -0.218661 -0.012364 0.975723 132.451709 
0.975809 0.013062 0.218233 65.503954 -0.014362 0.999887 0.004373 -3.472073 -0.218151 -0.007401 0.975887 133.277217 
0.976017 0.020711 0.216708 65.661602 -0.018615 0.999758 -0.011710 -3.477635 -0.216898 0.007395 0.976166 134.081722 
0.976360 0.020717 0.215157 65.845660 -0.016823 0.999660 -0.019912 -3.485212 -0.215497 0.015822 0.976376 134.869058 
0.976963 0.016720 0.212754 66.028009 -0.012640 0.999709 -0.020526 -3.512857 -0.213035 0.017364 0.976890 135.671478 
0.977632 0.016312 0.209688 66.202838 -0.012664 0.999744 -0.018729 -3.542421 -0.209940 0.015655 0.977589 136.493122 
0.978416 0.015985 0.206027 66.368810 -0.012110 0.999726 -0.020054 -3.562081 -0.206291 0.017126 0.978341 137.297737 
0.979398 0.016731 0.201245 66.529121 -0.012651 0.999688 -0.021544 -3.592702 -0.201542 0.018554 0.979304 138.095032 
0.979865 0.021743 0.198475 66.677311 -0.017806 0.999608 -0.021597 -3.621970 -0.198867 0.017628 0.979868 138.898740 
0.980167 0.027751 0.196218 66.828931 -0.023952 0.999477 -0.021712 -3.645084 -0.196718 0.016581 0.980320 139.696371 
0.980539 0.029069 0.194159 66.980769 -0.025751 0.999476 -0.019591 -3.669293 -0.194626 0.014210 0.980775 140.510205 
0.980795 0.026579 0.193221 67.132493 -0.024216 0.999600 -0.014581 -3.699343 -0.193532 0.009622 0.981047 141.312026 
0.981218 0.024264 0.191372 67.284749 -0.021932 0.999657 -0.014293 -3.725594 -0.191654 0.009828 0.981413 142.106844 
0.981792 0.023073 0.188551 67.443917 -0.020173 0.999647 -0.017283 -3.748247 -0.188883 0.013164 0.981911 142.896663 
0.982836 0.017991 0.183604 67.599967 -0.014344 0.999673 -0.021172 -3.767109 -0.183925 0.018175 0.982772 143.690609 
0.984080 0.014913 0.177102 67.743236 -0.011103 0.999686 -0.022485 -3.782511 -0.177382 0.020161 0.983936 144.488914 
0.985184 0.012532 0.171044 67.869103 -0.009579 0.999791 -0.018082 -3.791913 -0.171235 0.016176 0.985097 145.295723 
0.986250 0.009231 0.165002 67.990396 -0.008047 0.999937 -0.007838 -3.853742 -0.165064 0.006403 0.986262 146.090746 
0.986931 0.007019 0.160992 68.136249 -0.007256 0.999973 0.000885 -3.853350 -0.160982 -0.002042 0.986955 146.893561 
0.987598 0.013631 0.156408 68.257767 -0.014336 0.999892 0.003377 -3.863657 -0.156345 -0.005577 0.987687 147.686966 
0.988282 0.016238 0.151775 68.371347 -0.016158 0.999868 -0.001762 -3.866755 -0.151783 -0.000711 0.988414 148.477815 
0.989390 0.016492 0.144343 68.485758 -0.014911 0.999816 -0.012029 -3.883227 -0.144515 0.009749 0.989455 149.258791 
0.990335 0.012899 0.138093 68.594157 -0.010584 0.999791 -0.017481 -3.896397 -0.138290 0.015851 0.990265 150.049110 
0.991272 0.011904 0.131295 68.699067 -0.009822 0.999816 -0.016497 -3.913482 -0.131467 0.015063 0.991206 150.861376 
0.992145 0.018338 0.123739 68.782312 -0.016872 0.999775 -0.012884 -3.940157 -0.123948 0.010695 0.992231 151.676774 
0.992991 0.023886 0.115748 68.860009 -0.022325 0.999642 -0.014764 -3.955979 -0.116059 0.012076 0.993169 152.487263 
0.994077 0.026089 0.105496 68.940236 -0.024024 0.999495 -0.020795 -3.973545 -0.105985 0.018137 0.994202 153.291502 
0.994990 0.024616 0.096892 69.017133 -0.022451 0.999475 -0.023371 -3.996282 -0.097416 0.021079 0.995020 154.105720 
0.995727 0.024749 0.088973 69.079846 -0.022985 0.999519 -0.020797 -4.019271 -0.089445 0.018663 0.995817 154.926675 
0.996317 0.027770 0.081123 69.137290 -0.026722 0.999545 -0.013970 -4.038218 -0.081474 0.011751 0.996606 155.756002 
0.996882 0.030015 0.072974 69.185038 -0.029460 0.999528 -0.008662 -4.054320 -0.073200 0.006486 0.997296 156.589385 
0.997470 0.028092 0.065296 69.230859 -0.027826 0.999600 -0.004986 -4.073841 -0.065410 0.003157 0.997853 157.420978 
0.997844 0.028243 0.059247 69.265863 -0.028133 0.999601 -0.002684 -4.090120 -0.059299 0.001012 0.998240 158.249108 
0.998121 0.026681 0.055166 69.298938 -0.026470 0.999639 -0.004566 -4.105047 -0.055268 0.003097 0.998467 159.075774 
0.998186 0.032180 0.050887 69.320555 -0.031721 0.999449 -0.009804 -4.133079 -0.051174 0.008172 0.998656 159.886548 
0.998167 0.038453 0.046741 69.348580 -0.037721 0.999153 -0.016438 -4.153466 -0.047333 0.014645 0.998772 160.712849 
0.998274 0.039245 0.043684 69.379053 -0.038443 0.999079 -0.019066 -4.171404 -0.044392 0.017354 0.998863 161.540865 
0.998352 0.040672 0.040473 69.402721 -0.040178 0.999109 -0.012948 -4.195787 -0.040964 0.011301 0.999097 162.371561 
0.998328 0.043243 0.038346 69.426693 -0.043178 0.999064 -0.002509 -4.211561 -0.038418 0.000849 0.999261 163.201539 
0.998407 0.044104 0.035187 69.444628 -0.044278 0.999010 0.004186 -4.212956 -0.034968 -0.005737 0.999372 164.040536 
0.998768 0.039540 0.029973 69.463265 -0.039570 0.999217 0.000426 -4.213051 -0.029933 -0.001611 0.999551 164.875151 
0.999348 0.026933 0.024025 69.501612 -0.026719 0.999601 -0.009188 -4.228973 -0.024263 0.008540 0.999669 165.678861 
0.999555 0.024782 0.016617 69.521518 -0.024556 0.999605 -0.013682 -4.245514 -0.016949 0.013268 0.999768 166.492863 
0.999556 0.028077 0.009926 69.515720 -0.027955 0.999534 -0.012275 -4.258848 -0.010266 0.011992 0.999875 167.320654 
0.999659 0.025971 0.002709 69.504077 -0.025953 0.999641 -0.006637 -4.267116 -0.002881 0.006564 0.999974 168.164387 
0.999780 0.020441 -0.004665 69.494784 -0.020453 0.999787 -0.002627 -4.292925 0.004610 0.002721 0.999986 169.012073 
0.999875 0.011973 -0.010285 69.484544 -0.011958 0.999927 0.001602 -4.305425 0.010303 -0.001478 0.999946 169.857830 
0.999832 0.007636 -0.016665 69.473967 -0.007608 0.999970 0.001695 -4.318917 0.016678 -0.001568 0.999860 170.686665 
0.999721 0.004690 -0.023138 69.454154 -0.004804 0.999977 -0.004865 -4.343161 0.023114 0.004975 0.999720 171.520898 
0.999521 -0.004156 -0.030665 69.440815 0.003689 0.999877 -0.015274 -4.351752 0.030725 0.015154 0.999413 172.349621 
0.999217 -0.014411 -0.036838 69.419989 0.013690 0.999711 -0.019762 -4.362908 0.037113 0.019243 0.999126 173.180893 
0.998990 -0.010369 -0.043717 69.382599 0.009827 0.999872 -0.012603 -4.375121 0.043842 0.012160 0.998964 174.029654 
0.998804 -0.000355 -0.048895 69.315136 0.000365 1.000000 0.000196 -4.389947 0.048895 -0.000214 0.998804 174.885063 
0.998533 0.003473 -0.054029 69.261674 -0.003033 0.999962 0.008218 -4.403739 0.054056 -0.008042 0.998506 175.739730 
0.998314 0.002491 -0.057985 69.209448 -0.002195 0.999984 0.005173 -4.411323 0.057997 -0.005037 0.998304 176.580349 
0.998188 0.003587 -0.060063 69.155753 -0.003938 0.999976 -0.005726 -4.415141 0.060041 0.005952 0.998178 177.401235 
0.997924 0.014511 -0.062746 69.084674 -0.015502 0.999762 -0.015337 -4.424020 0.062508 0.016278 0.997912 178.226096 
0.997826 0.012388 -0.064723 69.016673 -0.013621 0.999733 -0.018645 -4.447190 0.064475 0.019486 0.997729 179.062855 
0.997723 0.006914 -0.067088 68.965092 -0.007835 0.999878 -0.013484 -4.469875 0.066987 0.013979 0.997656 179.909593 
0.997743 0.007250 -0.066749 68.900416 -0.007577 0.999961 -0.004644 -4.485044 0.066712 0.005139 0.997759 180.768097 
0.997732 0.008468 -0.066772 68.838826 -0.008455 0.999964 0.000474 -4.494282 0.066774 0.000092 0.997768 181.629774 
0.997637 0.008294 -0.068200 68.772793 -0.008323 0.999965 -0.000132 -4.511268 0.068196 0.000699 0.997672 182.491585 
0.997504 0.005633 -0.070386 68.716590 -0.006321 0.999934 -0.009556 -4.528650 0.070328 0.009977 0.997474 183.340087 
0.997366 -0.004795 -0.072379 68.666950 0.003289 0.999776 -0.020904 -4.548095 0.072463 0.020610 0.997158 184.189956 
0.997164 -0.015110 -0.073727 68.606167 0.013282 0.999594 -0.025227 -4.566589 0.074078 0.024176 0.996959 185.046114 
0.997113 -0.013085 -0.074797 68.537905 0.011580 0.999722 -0.020519 -4.596607 0.075045 0.019594 0.996988 185.911401 
0.997087 -0.006859 -0.075961 68.455228 0.006128 0.999933 -0.009848 -4.618139 0.076023 0.009354 0.997062 186.775765 
0.996944 -0.006426 -0.077849 68.384018 0.005955 0.999963 -0.006280 -4.645858 0.077887 0.005797 0.996945 187.627542 
0.996867 -0.007791 -0.078717 68.314342 0.007017 0.999924 -0.010106 -4.665010 0.078790 0.009522 0.996846 188.476624 
0.996868 -0.008518 -0.078629 68.243783 0.007268 0.999843 -0.016160 -4.685957 0.078754 0.015538 0.996773 189.310821 
0.996870 -0.001922 -0.079030 68.161484 0.000638 0.999868 -0.016262 -4.709946 0.079051 0.016161 0.996740 190.145734 
0.996827 0.001678 -0.079586 68.084871 -0.002700 0.999915 -0.012731 -4.737845 0.079558 0.012906 0.996747 190.984505 
0.996742 0.005126 -0.080495 68.014976 -0.005885 0.999940 -0.009201 -4.766494 0.080443 0.009644 0.996713 191.812855 
0.996717 0.007937 -0.080571 67.938794 -0.008504 0.999941 -0.006690 -4.779241 0.080514 0.007353 0.996726 192.638747 
0.996652 0.010561 -0.081077 67.862346 -0.011133 0.999916 -0.006601 -4.802270 0.081000 0.007482 0.996686 193.454653 
0.996611 0.008413 -0.081833 67.802892 -0.009266 0.999907 -0.010042 -4.829503 0.081741 0.010766 0.996595 194.274657 
0.996519 0.009506 -0.082823 67.730990 -0.010816 0.999823 -0.015393 -4.853892 0.082662 0.016235 0.996445 195.076298 
0.996423 0.011213 -0.083757 67.652529 -0.012563 0.999799 -0.015604 -4.861500 0.083565 0.016601 0.996364 195.891343 
